function data()
return {
	times = { 41.667, 83.333, 125, 166.667, 208.333, 250, 291.667, 333.333, 375, 416.667, 458.333, 500, 541.667, 583.333, 625, 666.667, 708.333, 750, 791.667, 833.333, },
	transfs = {
		{ 1, 0, 0, 0, 0, 1, -1.1532029731143e-07, 0, 0, 1.1532029731143e-07, 1, 0, -0.15999999642372, 3.9062499126885e-05, 0, 1.0000001192093, },
		{ 1, 0, 0, 0, 0, 0.94666218757629, -0.32222804427147, 0, 0, 0.32222804427147, 0.94666218757629, 0, -0.15999999642372, 3.9062499126885e-05, 0, 1.0000001192093, },
		{ 1, 0, 0, 0, 0, 0.79519897699356, -0.60634869337082, 0, 0, 0.60634869337082, 0.79519897699356, 0, -0.15999999642372, 3.9062499126885e-05, 0, 1.0000001192093, },
		{ 1, 0, 0, 0, 0, 0.56460928916931, -0.82535845041275, 0, 0, 0.82535845041275, 0.56460928916931, 0, -0.15999999642372, 3.9062499126885e-05, 0, 1.0000001192093, },
		{ 1, 0, 0, 0, 0, 0.28015196323395, -0.95995569229126, 0, 0, 0.95995569229126, 0.28015196323395, 0, -0.15999999642372, 3.9062499126885e-05, 0, 1.0000001192093, },
		{ 1, 0, 0, 0, 0, -0.029255295172334, -0.99957191944122, 0, 0, 0.99957191944122, -0.029255295172334, 0, -0.15999999642372, 3.9062499126885e-05, 0, 1.0000001192093, },
		{ 1, 0, 0, 0, 0, -0.33367931842804, -0.94268673658371, 0, 0, 0.94268673658371, -0.33367931842804, 0, -0.15999999642372, 3.9062499126885e-05, 0, 1.0000001192093, },
		{ 1, 0, 0, 0, 0, -0.60468709468842, -0.79646325111389, 0, 0, 0.79646325111389, -0.60468709468842, 0, -0.15999999642372, 3.9062499126885e-05, 0, 1.0000001192093, },
		{ 1, 0, 0, 0, 0, -0.81760120391846, -0.57578504085541, 0, 0, 0.57578504085541, -0.81760120391846, 0, -0.15999999642372, 3.9062499126885e-05, 0, 1.0000001192093, },
		{ 1, 0, 0, 0, 0, -0.95337516069412, -0.30178770422935, 0, 0, 0.30178770422935, -0.95337516069412, 0, -0.15999999642372, 3.9062499126885e-05, 0, 1.0000001192093, },
		{ 1, 0, 0, 0, 0, -1, 5.0068700829797e-07, 0, 0, -5.0068700829797e-07, -1, 0, -0.15999999642372, 3.9062499126885e-05, 0, 1.0000001192093, },
		{ 1, 0, 0, 0, 0, -0.95337480306625, 0.30178910493851, 0, 0, -0.30178910493851, -0.95337480306625, 0, -0.15999999642372, 3.9062499126885e-05, 0, 1.0000001192093, },
		{ 1, 0, 0, 0, 0, -0.81760042905807, 0.57578599452972, 0, 0, -0.57578599452972, -0.81760042905807, 0, -0.15999999642372, 3.9062499126885e-05, 0, 1.0000001192093, },
		{ 1, 0, 0, 0, 0, -0.60468626022339, 0.79646378755569, 0, 0, -0.79646378755569, -0.60468626022339, 0, -0.15999999642372, 3.9062499126885e-05, 0, 1.0000001192093, },
		{ 1, 0, 0, 0, 0, -0.33367845416069, 0.94268703460693, 0, 0, -0.94268703460693, -0.33367845416069, 0, -0.15999999642372, 3.9062499126885e-05, 0, 1.0000001192093, },
		{ 1, 0, 0, 0, 0, -0.029250405728817, 0.9995721578598, 0, 0, -0.9995721578598, -0.029250405728817, 0, -0.15999999642372, 3.9062499126885e-05, 0, 1.0000001192093, },
		{ 1, 0, 0, 0, 0, 0.28015267848969, 0.95995551347733, 0, 0, -0.95995551347733, 0.28015267848969, 0, -0.15999999642372, 3.9062499126885e-05, 0, 1.0000001192093, },
		{ 1, 0, 0, 0, 0, 0.56461000442505, 0.82535791397095, 0, 0, -0.82535791397095, 0.56461000442505, 0, -0.15999999642372, 3.9062499126885e-05, 0, 1.0000001192093, },
		{ 1, 0, 0, 0, 0, 0.79520034790039, 0.60634672641754, 0, 0, -0.60634672641754, 0.79520034790039, 0, -0.15999999642372, 3.9062499126885e-05, 0, 1.0000001192093, },
		{ 1, 0, 0, 0, 0, 0.94666230678558, 0.32222759723663, 0, 0, -0.32222759723663, 0.94666230678558, 0, -0.15999999642372, 3.9062499126885e-05, 0, 1.0000001192093, },
	},
}
end
