function data()
return {
	times = { 41.667, 83.333, 125, 166.667, 208.333, 250, 291.667, 333.333, 375, 416.667, 458.333, 500, 541.667, 583.333, 625, 666.667, 708.333, 750, 791.667, 833.333, },
	transfs = {
		{ 1, 0, 0, 0, 0, -0.40169554948807, -0.91577339172363, 0, 0, 0.91577339172363, -0.40169554948807, 0, -3.0517577442879e-07, 0, 0, 1, },
		{ 1, 0, 0, 0, 0, -0.082579374313354, -0.99658453464508, 0, 0, 0.99658453464508, -0.082579374313354, 0, -3.0517577442879e-07, 0, 0, 1, },
		{ 1, 0, 0, 0, 0, 0.24548549950123, -0.96940034627914, 0, 0, 0.96940034627914, 0.24548549950123, 0, -3.0517577442879e-07, 0, 0, 1, },
		{ 1, 0, 0, 0, 0, 0.54694819450378, -0.83716660737991, 0, 0, 0.83716660737991, 0.54694819450378, 0, -3.0517577442879e-07, 0, 0, 1, },
		{ 1, 0, 0, 0, 0, 0.78914052248001, -0.61421275138855, 0, 0, 0.61421275138855, 0.78914052248001, 0, -3.0517577442879e-07, 0, 0, 1, },
		{ 1, 0, 0, 0, 0, 0.94581741094589, -0.32469937205315, 0, 0, 0.32469937205315, 0.94581741094589, 0, -3.0517577442879e-07, 0, 0, 1, },
		{ 1, 0, 0, 0, 0, 1.0000001192093, 5.9604644775391e-08, 0, 0, -5.9604644775391e-08, 1.0000001192093, 0, -3.0517577442879e-07, 0, 0, 1, },
		{ 1, 0, 0, 0, 0, 0.9458172917366, 0.32469961047173, 0, 0, -0.32469961047173, 0.9458172917366, 0, -3.0517577442879e-07, 0, 0, 1, },
		{ 1, 0, 0, 0, 0, 0.78914034366608, 0.61421316862106, 0, 0, -0.61421316862106, 0.78914034366608, 0, -3.0517577442879e-07, 0, 0, 1, },
		{ 1, 0, 0, 0, 0, 0.54694843292236, 0.83716642856598, 0, 0, -0.83716642856598, 0.54694843292236, 0, -3.0517577442879e-07, 0, 0, 1, },
		{ 1, 0, 0, 0, 0, 0.24548569321632, 0.96940034627914, 0, 0, -0.96940034627914, 0.24548569321632, 0, -3.0517577442879e-07, 0, 0, 1, },
		{ 1, 0, 0, 0, 0, -0.082579523324966, 0.99658453464508, 0, 0, -0.99658453464508, -0.082579523324966, 0, -3.0517577442879e-07, 0, 0, 1, },
		{ 1, 0, 0, 0, 0, -0.40169566869736, 0.91577339172363, 0, 0, -0.91577339172363, -0.40169566869736, 0, -3.0517577442879e-07, 0, 0, 1, },
		{ 1, 0, 0, 0, 0, -0.67728167772293, 0.73572397232056, 0, 0, -0.73572397232056, -0.67728167772293, 0, -3.0517577442879e-07, 0, 0, 1, },
		{ 1, 0, 0, 0, 0, -0.87947398424149, 0.47594714164734, 0, 0, -0.47594714164734, -0.87947398424149, 0, -3.0517577442879e-07, 0, 0, 1, },
		{ 1, 0, 0, 0, 0, -0.98636150360107, 0.16459393501282, 0, 0, -0.16459393501282, -0.98636150360107, 0, -3.0517577442879e-07, 0, 0, 1, },
		{ 1, 0, 0, 0, 0, -0.98636132478714, -0.16459509730339, 0, 0, 0.16459509730339, -0.98636132478714, 0, -3.0517577442879e-07, 0, 0, 1, },
		{ 1, 0, 0, 0, 0, -0.87947368621826, -0.47594773769379, 0, 0, 0.47594773769379, -0.87947368621826, 0, -3.0517577442879e-07, 0, 0, 1, },
		{ 1, 0, 0, 0, 0, -0.677281498909, -0.73572409152985, 0, 0, 0.73572409152985, -0.677281498909, 0, -3.0517577442879e-07, 0, 0, 1, },
		{ 1, 0, 0, 0, 0, -0.40169554948807, -0.91577339172363, 0, 0, 0.91577339172363, -0.40169554948807, 0, -3.0517577442879e-07, 0, 0, 1, },
	},
}
end
