function data()
return {
	times = { 41.667, 83.333, 125, 166.667, 208.333, 250, 291.667, 333.333, 375, 416.667, 458.333, 500, 541.667, 583.333, 625, 666.667, 708.333, 750, 791.667, },
	transfs = {
		{ 1, 0, 0, 0, 0, -2.9802319545524e-07, 1, 0, 0, -1, -2.9802319545524e-07, 0, -6.1035154885758e-07, 0, -3.8146971803599e-08, 1, },
		{ 1, 0, 0, 0, 0, 0.30901694297791, 0.95105654001236, 0, 0, -0.95105654001236, 0.30901694297791, 0, -6.1035154885758e-07, 0, -3.8146971803599e-08, 1, },
		{ 1, 0, 0, 0, 0, 0.58778512477875, 0.80901718139648, 0, 0, -0.80901718139648, 0.58778512477875, 0, -6.1035154885758e-07, 0, -3.8146971803599e-08, 1, },
		{ 1, 0, 0, 0, 0, 0.80901700258255, 0.58778524398804, 0, 0, -0.58778524398804, 0.80901700258255, 0, -6.1035154885758e-07, 0, -3.8146971803599e-08, 1, },
		{ 1, 0, 0, 0, 0, 0.95105648040771, 0.30901712179184, 0, 0, -0.30901712179184, 0.95105648040771, 0, -6.1035154885758e-07, 0, -3.8146971803599e-08, 1, },
		{ 1, 0, 0, 0, 0, 1, 0, 0, 0, 0, 1, 0, -6.1035154885758e-07, 0, -3.8146971803599e-08, 1, },
		{ 1, 0, 0, 0, 0, 0.95105636119843, -0.30901730060577, 0, 0, 0.30901730060577, 0.95105636119843, 0, -6.1035154885758e-07, 0, -3.8146971803599e-08, 1, },
		{ 1, 0, 0, 0, 0, 0.80901694297791, -0.58778536319733, 0, 0, 0.58778536319733, 0.80901694297791, 0, -6.1035154885758e-07, 0, -3.8146971803599e-08, 1, },
		{ 1, 0, 0, 0, 0, 0.58778494596481, -0.80901718139648, 0, 0, 0.80901718139648, 0.58778494596481, 0, -6.1035154885758e-07, 0, -3.8146971803599e-08, 1, },
		{ 1, 0, 0, 0, 0, 0.30901685357094, -0.95105654001236, 0, 0, 0.95105654001236, 0.30901685357094, 0, -6.1035154885758e-07, 0, -3.8146971803599e-08, 1, },
		{ 1, 0, 0, 0, 0, -6.556510925293e-07, -1, 0, 0, 1, -6.556510925293e-07, 0, -6.1035154885758e-07, 0, -3.8146971803599e-08, 1, },
		{ 1, 0, 0, 0, 0, -0.30901765823364, -0.95105636119843, 0, 0, 0.95105636119843, -0.30901765823364, 0, -6.1035154885758e-07, 0, -3.8146971803599e-08, 1, },
		{ 1, 0, 0, 0, 0, -0.58778619766235, -0.80901628732681, 0, 0, 0.80901628732681, -0.58778619766235, 0, -6.1035154885758e-07, 0, -3.8146971803599e-08, 1, },
		{ 1, 0, 0, 0, 0, -0.80901753902435, -0.5877845287323, 0, 0, 0.5877845287323, -0.80901753902435, 0, -6.1035154885758e-07, 0, -3.8146971803599e-08, 1, },
		{ 1, 0, 0, 0, 0, -0.95105671882629, -0.30901634693146, 0, 0, 0.30901634693146, -0.95105671882629, 0, -6.1035154885758e-07, 0, -3.8146971803599e-08, 1, },
		{ 1, 0, 0, 0, 0, -1, 6.556510925293e-07, 0, 0, -6.556510925293e-07, -1, 0, -6.1035154885758e-07, 0, -3.8146971803599e-08, 1, },
		{ 1, 0, 0, 0, 0, -0.95105636119843, 0.30901765823364, 0, 0, -0.30901765823364, -0.95105636119843, 0, -6.1035154885758e-07, 0, -3.8146971803599e-08, 1, },
		{ 1, 0, 0, 0, 0, -0.80901628732681, 0.58778619766235, 0, 0, -0.58778619766235, -0.80901628732681, 0, -6.1035154885758e-07, 0, -3.8146971803599e-08, 1, },
		{ 1, 0, 0, 0, 0, -0.58778429031372, 0.80901765823364, 0, 0, -0.80901765823364, -0.58778429031372, 0, -6.1035154885758e-07, 0, -3.8146971803599e-08, 1, },
	},
}
end
