function data()
return {
	times = { 0, 41.667, 83.333, 125, 166.667, 208.333, 250, 291.667, 333.333, 375, 416.667, 458.333, 500, 541.667, 583.333, 625, 666.667, 708.333, 750, },
	transfs = {
		{ 1, 0, 0, 0, 0, -0.58778595924377, 0.80901652574539, 0, 0, -0.80901652574539, -0.58778595924377, 0, 1.9531249563443e-05, 0, 0, 1, },
		{ 1, 0, 0, 0, 0, -0.30901741981506, 0.95105636119843, 0, 0, -0.95105636119843, -0.30901741981506, 0, 1.9531249563443e-05, 0, 0, 1, },
		{ 1, 0, 0, 0, 0, -5.6624412536621e-07, 1, 0, 0, -1, -5.6624412536621e-07, 0, 1.9531249563443e-05, 0, 0, 1, },
		{ 1, 0, 0, 0, 0, 0.30901676416397, 0.95105665922165, 0, 0, -0.95105665922165, 0.30901676416397, 0, 1.9531249563443e-05, 0, 0, 1, },
		{ 1, 0, 0, 0, 0, 0.58778494596481, 0.80901718139648, 0, 0, -0.80901718139648, 0.58778494596481, 0, 1.9531249563443e-05, 0, 0, 1, },
		{ 1, 0, 0, 0, 0, 0.80901682376862, 0.58778542280197, 0, 0, -0.58778542280197, 0.80901682376862, 0, 1.9531249563443e-05, 0, 0, 1, },
		{ 1, 0, 0, 0, 0, 0.95105648040771, 0.30901703238487, 0, 0, -0.30901703238487, 0.95105648040771, 0, 1.9531249563443e-05, 0, 0, 1, },
		{ 1, 0, 0, 0, 0, 1, 0, 0, 0, 0, 1, 0, 1.9531249563443e-05, 0, 0, 1, },
		{ 1, 0, 0, 0, 0, 0.95105648040771, -0.30901724100113, 0, 0, 0.30901724100113, 0.95105648040771, 0, 1.9531249563443e-05, 0, 0, 1, },
		{ 1, 0, 0, 0, 0, 0.80901700258255, -0.58778524398804, 0, 0, 0.58778524398804, 0.80901700258255, 0, 1.9531249563443e-05, 0, 0, 1, },
		{ 1, 0, 0, 0, 0, 0.58778482675552, -0.80901730060577, 0, 0, 0.80901730060577, 0.58778482675552, 0, 1.9531249563443e-05, 0, 0, 1, },
		{ 1, 0, 0, 0, 0, 0.30901634693146, -0.95105671882629, 0, 0, 0.95105671882629, 0.30901634693146, 0, 1.9531249563443e-05, 0, 0, 1, },
		{ 1, 0, 0, 0, 0, -1.2218952178955e-06, -1, 0, 0, 1, -1.2218952178955e-06, 0, 1.9531249563443e-05, 0, 0, 1, },
		{ 1, 0, 0, 0, 0, -0.309017598629, -0.95105630159378, 0, 0, 0.95105630159378, -0.309017598629, 0, 1.9531249563443e-05, 0, 0, 1, },
		{ 1, 0, 0, 0, 0, -0.58778578042984, -0.80901664495468, 0, 0, 0.80901664495468, -0.58778578042984, 0, 1.9531249563443e-05, 0, 0, 1, },
		{ 1, 0, 0, 0, 0, -0.80901694297791, -0.58778536319733, 0, 0, 0.58778536319733, -0.80901694297791, 0, 1.9531249563443e-05, 0, 0, 1, },
		{ 1, 0, 0, 0, 0, -0.95105695724487, -0.3090156018734, 0, 0, 0.3090156018734, -0.95105695724487, 0, 1.9531249563443e-05, 0, 0, 1, },
		{ 1, 0, 0, 0, 0, -1, 9.5367431640625e-07, 0, 0, -9.5367431640625e-07, -1, 0, 1.9531249563443e-05, 0, 0, 1, },
		{ 1, 0, 0, 0, 0, -0.9510560631752, 0.3090181350708, 0, 0, -0.3090181350708, -0.9510560631752, 0, 1.9531249563443e-05, 0, 0, 1, },
	},
}
end
