function data()
return {
	times = { 0, 41.667, 83.333, 125, 166.667, 208.333, 250, 291.667, 333.333, 375, 416.667, 458.333, 500, 541.667, 583.333, 625, 666.667, 708.333, 750, 791.667, },
	transfs = {
		{ 1, 0, 0, 0, 0, 0.95109325647354, 0.30890366435051, 0, 0, -0.30890366435051, 0.95109325647354, 0, 3.0517577442879e-07, 3.8146971803599e-08, 0, 1, },
		{ 1, 0, 0, 0, 0, 1, -2.9802322387695e-08, 0, 0, 2.9802322387695e-08, 1, 0, 3.0517577442879e-07, 3.8146971803599e-08, 0, 1, },
		{ 1, 0, 0, 0, 0, 0.95109331607819, -0.30890357494354, 0, 0, 0.30890357494354, 0.95109331607819, 0, 3.0517577442879e-07, 3.8146971803599e-08, 0, 1, },
		{ 1, 0, 0, 0, 0, 0.80915719270706, -0.58759218454361, 0, 0, 0.58759218454361, 0.80915719270706, 0, 3.0517577442879e-07, 3.8146971803599e-08, 0, 1, },
		{ 1, 0, 0, 0, 0, 0.58807462453842, -0.80880659818649, 0, 0, 0.80880659818649, 0.58807462453842, 0, 3.0517577442879e-07, 3.8146971803599e-08, 0, 1, },
		{ 1, 0, 0, 0, 0, 0.3094707429409, -0.9509089589119, 0, 0, 0.9509089589119, 0.3094707429409, 0, 3.0517577442879e-07, 3.8146971803599e-08, 0, 1, },
		{ 1, 0, 0, 0, 0, 0.00059616565704346, -0.99999976158142, 0, 0, 0.99999976158142, 0.00059616565704346, 0, 3.0517577442879e-07, 3.8146971803599e-08, 0, 1, },
		{ 1, 0, 0, 0, 0, -0.30833634734154, -0.95127737522125, 0, 0, 0.95127737522125, -0.30833634734154, 0, 3.0517577442879e-07, 3.8146971803599e-08, 0, 1, },
		{ 1, 0, 0, 0, 0, -0.58710944652557, -0.80950754880905, 0, 0, 0.80950754880905, -0.58710944652557, 0, 3.0517577442879e-07, 3.8146971803599e-08, 0, 1, },
		{ 1, 0, 0, 0, 0, -0.80845582485199, -0.5885568857193, 0, 0, 0.5885568857193, -0.80845582485199, 0, 3.0517577442879e-07, 3.8146971803599e-08, 0, 1, },
		{ 1, 0, 0, 0, 0, -0.95072418451309, -0.31003794074059, 0, 0, 0.31003794074059, -0.95072418451309, 0, 3.0517577442879e-07, 3.8146971803599e-08, 0, 1, },
		{ 1, 0, 0, 0, 0, -0.99999922513962, -0.001192718744278, 0, 0, 0.001192718744278, -0.99999922513962, 0, 3.0517577442879e-07, 3.8146971803599e-08, 0, 1, },
		{ 1, 0, 0, 0, 0, -0.95146101713181, 0.3077692091465, 0, 0, -0.3077692091465, -0.95146101713181, 0, 3.0517577442879e-07, 3.8146971803599e-08, 0, 1, },
		{ 1, 0, 0, 0, 0, -0.80985659360886, 0.58662801980972, 0, 0, -0.58662801980972, -0.80985659360886, 0, 3.0517577442879e-07, 3.8146971803599e-08, 0, 1, },
		{ 1, 0, 0, 0, 0, -0.58903843164444, 0.80810505151749, 0, 0, -0.80810505151749, -0.58903843164444, 0, 3.0517577442879e-07, 3.8146971803599e-08, 0, 1, },
		{ 1, 0, 0, 0, 0, -0.31060430407524, 0.950539290905, 0, 0, -0.950539290905, -0.31060430407524, 0, 3.0517577442879e-07, 3.8146971803599e-08, 0, 1, },
		{ 1, 0, 0, 0, 0, -0.0017882286338136, 0.99999839067459, 0, 0, -0.99999839067459, -0.0017882286338136, 0, 3.0517577442879e-07, 3.8146971803599e-08, 0, 1, },
		{ 1, 0, 0, 0, 0, 0.30720174312592, 0.95164442062378, 0, 0, -0.95164442062378, 0.30720174312592, 0, 3.0517577442879e-07, 3.8146971803599e-08, 0, 1, },
		{ 1, 0, 0, 0, 0, 0.58614385128021, 0.8102068901062, 0, 0, -0.8102068901062, 0.58614385128021, 0, 3.0517577442879e-07, 3.8146971803599e-08, 0, 1, },
		{ 1, 0, 0, 0, 0, 0.80775356292725, 0.58952015638351, 0, 0, -0.58952015638351, 0.80775356292725, 0, 3.0517577442879e-07, 3.8146971803599e-08, 0, 1, },
	},
}
end
